# gauss
-------------------------
const = 0.00000 +/- 0.00000
phas1 = 0.17655 +/- 0.00000
fwhm1 = 0.05004 +/- 0.00000
ampl1 = 0.28587 +/- 0.00000
phas2 = 0.60668 +/- 0.00000
fwhm2 = 0.01741 +/- 0.00000
ampl2 = 0.15162 +/- 0.00000
phas3 = 0.43170 +/- 0.00000
fwhm3 = 0.36011 +/- 0.00000
ampl3 = 0.56251 +/- 0.00000
-------------------------
